76	43	28	13
98	41	23	15
101	60	20	9
81	46	19	13
80	57	20	24
111	63	17	34
149	61	18	31
142	96	24	32
117	79	18	43
133	72	38	50
143	65	28	32
127	64	27	8
91	62	25	17
112	78	21	36
155	59	32	29
116	32	26	21
59	43	14	33
97	34	25	21
111	47	32	18
128	58	22	24
148	29	26	23
69	28	24	27
90	50	38	16
132	72	28	20
146	62	24	13
58	56	37	17
69			
87	32	65	9
79	23	33	13
57	18	38	8
43	31	35	10
56	26	35	10
52	23	38	8
44	27	45	10
51	28	43	13
52	29	45	14
64	32	46	15
72	31	44	13
64	39	41	14
85	34	46	13
48	32	37	11
52	19	28	18
56	35	42	18
87	29	44	15
73	24	41	14
56	33	54	19
70	43	27	39
109	72	48	28
146	85	40	18
80	37	37	17
